73208004923
73208098644
73208014116
73208026978
73208606831
73208673687
73208690059
73208690766
73208872429
73208889683
73208884273
73208895369
73208817032
73208828893
73208821577
73208834122
73208998836
73208922557
73208109309
73208102039
73208103529
73208183529
73208128592
73208124017
73208143042
73208152519
73208207667
73208213854
73208220984
73208223110
73208236929
73208306107
73208377854
73208405812
73208422267
73208442054
73208451242
73208506558
73208502429
73208595296
73208545121
73208551505
73209080915
73209047726
73209044993
73209050757
73209602171
73209671334
73209692592
73209632689
73209634725
73209706721
73209705751
73209705406
73209797419
73209792925
73209722883
73209722105
73209808443
73209804291
73209869288
73209878551
73209887675
73209816213
73209846321
73209847536
73209901545
73209964341
73209910426
73209939624
73209941097
73209941143
73209106420
73209109833
73209183233
73209127002
73209153783
73209200591
73209206871
73209204954
73209288761
73209298861
73209238371
73209246232
73209259922
73209307995
73209374363
73209384807
73209385407
73209326109
73209342025
73209359423
73209352025
73209468810
73209476896
73209480372
73209431765
73209433533
73209561074
73209577606
73209577234
73209511157
73201000918
73201071983
73201011286
73201057499
73201771875
73201781284
73201718882
73201722831
73201748720
73201920427
73201187598
73201260231
73201267229
73201276635
73201319747
73201322347
73201356848
73201472164
73201433726
73201449602
73201586428
73201514961
73201552462
73202035934
73202547842
73260294314
73266750564
73261144154
73265855998
73271261335
73275662655
73280014190
73280051804
73280674015
73280699062
73280639052
73280789873
73280719355
73280730197
73280735768
73280735905
73280750023
73280887618
73280882634
73280899982
73280892009
73280822863
73280824626
73280964691
73280972385
73280922272
73280931780
73280932941
73280188873
73280146964
73280266606
73280262110
73280276787
73280278358
73280274666
73280274894
73280282614
73280284218
73280290037
73280291185
73280229362
73280236850
73280250060
73280303608
73280389375
73280396284
73280393289
73280326100
73280346287
73280407442
73280426810
73280427693
73280437288
73280435463
73280451594
73280452451
73280500114
73280508109
73280509311
73280504652
73280504486
73280587697
73280518933
73280513277
73280544655
73280550163
73280556772
73280556111
73280551636
73280552367
73286008853
73286064953
73286078995
73286016320
73286034008
73286667328
73286664434
73286671991
73286626168
73286625997
73286632874
73286645597
73286763646
73286783793
73286711462
73286742598
73286744011
73286806570
73286823235
73286830986
73286835332
73286845060
73286851176
73286901452
73286964729
73286988530
73286983399
73286996564
73286938408
73286932913
73286954211
73286102672
73286175801
73286187970
73286126565
73286128148
73286134811
73286134197
73286158528
73286159735
73286280195
73286222334
73286237981
73286239663
73286363098
73286370256
73286310464
73286314422
73286330652
73286485969
73286508580
73286502000
73286587621
73286510015
73286512774
73287007972
73287001348
73287004623
73287063227
73287077691
73287088751
73287038086
73287674367
73287681028
73287684654
73287690524
73287697782
73287641129
73287701512
73287785996
73287790006
73287726681
73287727328
73287744409
73287750701
73287895603
73287824251
73287833437
73287845599
73287900858
73287978708
73287920461
73287937449
73287942447
73287953971
73287955724
73287165642
73287126859
73287227755
73287222650
73287257354
73287387415
73287346769
73287499570
73287491024
73287416400
73287413056
73287508478
73287527466
73288069670
73288077910
73288073117
73288082364
73288093523
73288026023
73288028750
73288048641
73288045286
73288678042
73288683667
73288698987
73288699839
73288626640
73288622619
73288622984
73288624381
73288631105
73288635905
73288704457
73288793820
73288723192
73288736329
73288736350
73288741901
73288759867
73288800463
73288868920
73288868363
73288888841
73288883609
73288817657
73288817854
73288813281
73288825465
73288834516
73288847030
73288904342
73288980078
73288986268
73288917292
73288945920
73288956954
73288103660
73288173654
73288193069
73288119933
73288291518
73288213378
73288215314
73288222789
73288236591
73288239155
73288300258
73288376632
73288310427
73288312060
73288342700
73288358566
73288478142
73288483379
73288435510
73288562159
73288572990
73288528467
73288523447
73288531223
73288532054
73289009655
73289098552
73289036838
73289041679
73289679032
73289673597
73289641447
73289798286
73289880649
73289884051
73289837304
73289832044
73289842404
73289904813
73289939138
73289945351
73289957951
73289185936
73289110465
73289112802
73289120721
73289201900
73289262791
73289265728
73289279480
73289237958
73289231861
73289233820
73289246297
73289245038
73289311391
73289323596
73289337579
73289468701
73289465215
73289487971
73289443750
73289500675
73289501049
73289504761
73289598926
73289518450
73289524946
73289553419
73281086964
73281090403
73281092490
73281663099
73281698619
73281699629
73281614343
73281627937
73281638972
73281657971
73281702730
73281728631
73281805807
73281841053
73281845162
73281852776
73281967840
73281982501
73281172406
73281174247
73281187854
73281198354
73281152672
73281260319
73281278296
73281273647
73281299768
73281291689
73281218199
73281227716
73281234144
73281362008
73281384552
73281325222
73281357352
73281358834
73281403353
73281466623
73281416873
73281419373
73281412967
73281430044
73281436717
73281502006
73281589354
73281585090
73281585380
73281592330
73281529782
73281525747
73281556236
73281553997
73281555912
73283812325
73284001402
73284076180
73284049755
73284662505
73284674084
73284622183
73284651531
73284704880
73284760673
73284795424
73284734761
73284740014
73284743437
73284759229
73284896621
73284902354
73284938223
73284933657
73284935607
73284943915
73284167076
73284163332
73284180231
73284181652
73284183614
73284191841
73284149776
73284154209
73284288930
73284289868
73284297290
73284231322
73284235336
73284257744
73284341269
73284359873
73284417050
73284442988
73284501331
73284586677
73284597498
73284597492
73284559709
73285603172
73285605123
73285679128
73285687535
73285688368
73285697422
73285693822
73285610808
73285642056
73285761641
73285761916
73285775137
73285713342
73285889822
73285896230
73285810750
73285814505
73285837757
73285838867
73285831519
73285909657
73285971020
73285910513
73285920230
73285934941
73285173268
73285175534
73285183188
73285185193
73285114868
73285114220
73285136070
73285158743
73285206404
73285277314
73285284776
73285239383
73285249077
73285368786
73285362523
73285398970
73285313965
73285335874
73285354798
73285464803
73285412417
73285436639
73285579607
73285575023
73290000479
73290007524
73290089919
73290016856
73290013578
73290013547
73290023913
73290038626
73290600989
73290608968
73290666023
73290669993
73290686086
73290629184
73290647153
73290707052
73290780365
73290725186
73290748080
73290744635
73290801069
73290870633
73290871395
73290886212
73290888796
73290883167
73290892687
73290828606
73290822535
73290965299
73290976622
73290975000
73290910662
73290917070
73290918739
73290926969
73290928320
73290936476
73290176957
73290189260
73290182910
73290128780
73290125906
73290137312
73290145374
73290151013
73290151342
73290205000
73290266853
73290268821
73290294847
73290216379
73290214549
73290256032
73290254170
73290306022
73290303017
73290376137
73290383523
73290310222
73290312350
73290331032
73290343507
73290359802
73290355030
73290403350
73290476287
73290494035
73290426505
73290422545
73290423102
73290425262
73290446773
73290441023
73290442834
73290598399
73290517283
73290518894
73290518572
73290527069
73290521235
73290523188
73290539912
73290533360
73290559083
73290551866
73294244181
73218334316
73211001281
73211003882
73211005294
73211011705
73211012439
73211035516
73211048806
73211050702
73211053025
73211666370
73211613712
73211649328
73211700307
73211777077
73211785721
73211796230
73211732438
73211888989
73211894493
73211850969
73211984846
73211993864
73211918930
73211172359
73211111250
73211112127
73211145857
73211205741
73211286100
73211220461
73211226427
73211300945
73211370640
73211322377
73211323421
73211351601
73211486136
73211487456
73211481709
73211481713
73211499528
73211420385
73211427153
73211450840
73211564368
73211587800
73211599594
73211517001
73212064707
73212070339
73212087530
73212019931
73212015371
73212600974
73212662830
73212680476
73212620407
73212628517
73212648961
73212649915
73212760241
73212771201
73212795394
73212714973
73212727599
73212737765
73212738303
73212738595
73212746333
73212907618
73212981916
73212925740
73212100835
73212106394
73212118690
73212112952
73212123532
73212125930
73212139404
73212151061
73212266426
73212263147
73212231729
73212242464
73212301509
73212374402
73212375581
73212327714
73212329517
73212465138
73212419821
73212427838
73212435465
73212458640
73212574840
73212588035
73212591021
73212553783
73213093657
73213038932
73213690235
73213641926
73213656009
73213657297
73213707510
73213777610
73213712127
73213728834
73213721738
73213724680
73213739924
73213740241
73213744700
73213758800
73213759450
73213893376
73213815342
73213984997
73213921299
73213922551
73213940234
73214937168
73232873041
73232464992
73234078623
73246766040
73246521289
73242128969
73242139462
73242135893
73242157922
73242208383
73242266723
73242280494
73242288666
73242238776
73242239257
73242244289
73242347759
73242403290
73242460450
73242464067
73242434743
73242456929
73242512853
73242538159
73243002074
73243074356
73243017184
73243028983
73243600843
73243616444
73243720741
73243804632
73243812668
73243823922
73243842537
73243905838
73243991979
73243933562
73243171645
73243173065
73243180499
73243127499
73243210723
73243228477
73243243475
73243395094
73243340829
73243340594
73243352491
73243466556
73243491733
73243516899
73243517225
73243546583
73244089882
73244019143
73244025105
73244662188
73244632573
73244648608
73244703539
73244767574
73244779365
73244713966
73244899896
73244823035
73244967923
73244990695
73244292767
73244259849
73244367608
73244368812
73244335367
73244349454
73244355489
73244466871
73244507704
73244570128
73245159712
73245298892
73245225021
73245383414
73245333051
73245577825
73360005148
73360067338
73360069256
73360072638
73360086326
73360090698
73360021406
73360605429
73360665180
73360676505
73360696511
73360620390
73360700728
73360772988
73360781601
73360791568
73360732533
73360749790
73360803062
73360803892
73360819697
73360822604
73360851520
73360990114
73360992423
73360918071
73360939050
73360953216
73360103704
73360160073
73360189204
73360182403
73360184276
73360268862
73360276786
73360297088
73360298329
73360294545
73360233255
73360241668
73360306008
73360322021
73360324314
73360344007
73360350313
73360408087
73360401538
73360462341
73360465244
73360471853
73360487504
73360488594
73360482935
73360448847
73360458291
73360595837
73360512322
73360520016
73360527877
73360557145
73367376275
73369849343
73362382935
73363003716
73363045634
73363668223
73363662577
73363674993
73363684774
73363629802
73363753769
73363801741
73363823925
73363831957
73363855051
73363929271
73363941548
73363952984
73363166430
73363167312
73363181980
73363129465
73363145749
73363159754
73363203673
73363281103
73363282829
73363282982
73363221840
73363309274
73363301359
73363378807
73363310734
73363313466
73363324538
73363337898
73363349231
73363351689
73363461864
73363484631
73363490528
73363427605
73363582795
73363583177
73363585115
73364070773
73364081963
73364010683
73364032657

73364688012
73364691081
73364637862
73364633485
73364769282
73364761991
73364764427
73364765567
73364788525
73364716366
73364727152
73364806059
73364867869
73364869546
73364890393
73364827618
73364837520
73364847274
73364965625
73364910884
73364919440
73364936812
73364931303
73364957703
73364958433
73364102395
73364187038
73364188554
73364190425
73364378673
73364383412
73364352922
73364405196
73364460423
73364487170
73364487394
73364498548
73364426466
73364446376
73364520234
73364531049
73364549391
73365067078
73365067981
73365062221

73365053906
73365607514
73365666507
73365664261
73365686883
73365614673
73365622270
73365633065
73365760904
73365769348
73365762018
73365792493
73365793461
73365718345
73365866002
73365867559
73365873848
73365886877
73365896331
73365828322
73365837336
73365850304
73365858583
73365961275
73365963455
73365964875
73365913889
73365954603
73365160466
73365178388
73365186027
73365181573
73365197825
73365191160
73365110391
73365118588
73365113415
73365148588
73365141245
73365145840
73365156239
73365158650
73365204816
73365285082
73365297132
73365249202
73365366436
73365372858
73365381083
73365381555
73365390776
73365323375
73365336506
73365356087
73365474140
73365485296
73365442714

73365564957
73365565854
73365514983
73365539753
73365558805
73376606755
73377229413
73378116665
73372057371
73380092009
73380057891
73380608535
73380663814
73380699262
73380626216
73380627751
73380623959
73380635209
73380646270
73380768457
73380778839
73380773046
73380726107
73380721313
73380751170
73380871270
73380891662
73380851831
73380967479
73380962766
73380936203
73380952037
73380160729
73380176146
73380173790
73380125558
73380263402
73380277364
73380217862
73380232430
73380360763
73380387726
73380394235
73380313308
73380323591
73380348161
73380343833
73380344720
73380351366
73380355065
73380487219
73380419058
73380428331
73380422581
73380436491
73380446374
73380445736
73380572991
73380596397
73380510600
73380517397
73380514853
73380553359
73380554353
73386070769
73386094942
73386037704
73386054329
73386601356
73386678088
73386619496
73386701214
73386705655
73386765017
73386791733
73386711067
73386748809
73386807677
73386802721
73386886442
73386827334
73386902241
73386979696
73386973931
73386980564
73386986003
73386911302
73386922391
73386934944
73386195836
73386110813
73386152444
73386281402
73386210962
73386240172
73386242498
73386255012
73386372344
73386390558
73386316300
73386311990
73386344349
73386464922
73386471096
73386448576
73386505042
73386569187
73386575789
73386581822
73386599773
73386529249
73386544189
73386545774
73386554475
73387088193
73387089767
73387081479
73387091751
73387012324
73387050091
73387054178
73387674419
73387681828
73387625201
73387716292
73387713261
73387891396
73387829853
73387830848
73387831685
73387833892
73387854591
73387902162
73387960683
73387932545
73387107126
73387161122
73387176418
73387180200
73387195717
73387152558
73387221188
73387360293
73387388085
73387398438
73387327805
73387330933
73387331690
73387340791
73387344108
73387354482
73387473705
73387437288
73387447580
73387582204
73387584573
73387594522
73387542791
73388006004
73388007791
73388066457
73388010325
73388011421
73388055467
73388663438
73388670776
73388674640
73388682916
73388618773
73388649178
73388649570
73388769157
73388771651
73388772657
73388719223
73388714242
73388738160
73388731187
73388734327
73388878886
73388818625
73388814320
73388856974
73388909857
73388901920
73388979898
73388171306
73388122360
73388137959
73388140600
73388206969
73388203828
73388204221
73388296307
73388297016
73388222888
73388246879
73388259369
73388255806
73388365046
73388371187
73388383866
73388395375
73388344498
73388464979
73388412288
73388422451
73388444338
73388456849
73388500133
73388504707
73388504522
73388577720
73388579134
73388598225
73388519359
73388520517
73389069759
73389063666
73389050712
73389606825
73389603100
73389665888
73389696563
73389697180
73389629222
73389631458
73389650659
73389708422
73389768213
73389773472
73389727569
73389722778
73389731436
73389804893
73389866874
73389869728
73389865471
73389880288
73389852230
73389855787
73389965348
73389911273
73389165383
73389197658
73389194423
73389128720
73389149820
73389151655
73389206988
73389267706
73389299630
73389220788
73389224453
73389225208
73389239808
73389241804
73389309042
73389372766
73389389982
73389396615
73389322623
73389335318
73389349304
73389400966
73389460676
73389440285
73389595440
73389547548
73381073411
73381080091
73381093045
73381018239
73381029983
73381690579
73381784015
73381715846
73381728251
73381741124
73381802115
73381861079
73381879134
73381894013
73381996679
73381948366
73381183457
73381117370
73381119725
73381114208
73381123604
73381137158
73381150767
73381204678
73381263845
73381279049
73381220628
73381232043
73381240951
73381242994
73381383672
73381390575
73381325962
73381348869
73381355197
73381490344
73381422531
73381431289
73381459732
73381504327
73381576610
73381514846
73381523572
73381524291
73381539757
73382063224
73382083978
73382093736
73382047512
73382676871
73382680288
73382630496
73382650404
73382746675
73382748524
73382745754
73382875185
73382895536
73382812497
73382972304
73382972426
73382105844
73382176017
73382178315
73382287682
73382216974
73382259895
73382301747
73382372504
73382373732
73382383033
73382398319
73382319252
73382311434
73382339572
73382409392
73382460023
73382469128
73382492976
73382568710
73382583475
73382511022
73382526377
73382556252
73383009807
73383005987
73383070901
73383089767
73383094095
73383014246
73383025774
73383025910
73383606364
73383602846
73383664716
73383689967
73383627616
73383633496
73383708823
73383784723
73383784323
73383785600
73383715670
73383727058
73383733520
73383746268
73383801243
73383875477
73383884336
73383891436
73383810784
73383970017
73383982738
73383921938
73383925768
73383936089
73383952948
73383175700
73383216200
73383225061
73383245164
73383304345
73383388934
73383310894
73383325427
73383357785
73383427105
73383505655
73383573875
73383586792
73383531777
73383533014
73384006224
73384068545
73384069390
73384099664
73384036444
73384626231
73384631986
73384770850
73384717838
73384712784
73384742381
73384743333
73384751197
73384877758
73384874421
73384895739
73384823749
73384848782
73384968195
73384912585
73384915198
73384933633
73384109451
73384170148
73384178692
73384179377
73384173016
73384185428
73384118392
73384113119
73384142332
73384151861
73384202490
73384291814
73384220081
73384225634
73384237145
73384259412
73384389315
73384396009
73384331352
73384352016
73384400242
73384407973
73384486177
73384488687
73384499091
73384447747
73384453940
73384503277
73384505874
73384561506
73384574924
73384580358
73384586151
73384582037
73384526080
73384525902
73384556796
73384553201
73385067483
73385065138
73385075894
73385084489
73385019831
73385023220
73385036111
73385039459
73385049468
73385608310
73385610863
73385622397
73385657308
73385655678
73385734221
73385735502
73385742067
73385742803
73385804792
73385877221
73385880393
73385814844
73385833858
73385834208
73385903304
73385964338
73385991516
73385912695
73385928949
73385952478
73385101885
73385102292
73385187552
73385182006
73385191679
73385116141
73385201770
73385262203
73385280714
73385283930
73385283377
73385296954
73385293108
73385211815
73385223624
73385238297
73385302127
73385366929
73385367628
73385312382
73385336165
73385335687
73385407414
73385409071
73385460191
73385472392
73385473705
73385415213
73385448303
73385459389
73385506378
73385573838
73385543821
73385558098
73390599206
73397385667
73394663579
73394420730
73321277763
73323306688
73340089099
73340013665
73340602383
73340615095
73340709605
73340704458
73340705497
73340783883
73340712441
73340720689
73340721202
73340750547
73340803136
73340866511
73340811802
73340815624
73340826134
73340837515
73340840965
73340847307
73340848528
73340901620
73340961759
73340972833
73340916333
73340920034
73340939378
73340129384
73340145651
73340154659
73340277026
73340273577
73340281864
73340299130
73340293003
73340293482
73340218534
73340228369
73340236037
73340253234
73340309327
73340367743
73340365280
73340370581
73340310689
73340330251
73340408990
73340466326
73340477997
73340481622
73340586445
73340510426
73340530579
73340531458
73346005618
73346065123
73346083793
73346097332
73346015014
73346021690
73346034094
73346052758
73346600703
73346605884
73346663372
73346627557
73346638221
73346778397
73346729764
73346748034
73346800837
73346881689
73346816105
73346833074
73346842477
73346844557
73346908243
73346986632
73346911690
73346920358
73346940495
73346106434
73346108367
73346173638
73346115370
73346143195
73346159866
73346291441
73346229940
73346232439
73346258741
73346252003
73346367401
73346382841
73346340396
73346485861
73346485272
73346428255
73346438194
73346454721
73346533204
73347004096
73347048672
73347054392
73347660714
73347698942
73347699116
73347644855
73347655445
73347770143
73347775146
73347781019
73347792330
73347717525
73347720254
73347750620
73347888290
73347884211
73347827238
73347821392
73347845846
73347996071
73347922329
73347930708
73347160891
73347178302
73347180192
73347195577
73347155009
73347277850
73347219111
73347224221
73347234267
73347248648
73347303600
73347360873
73347396527
73347395259
73347467145
73347483706
73347438713
73347566390
73347511915
73347531093
73347533571
73348067057
73348069182
73348048868
73348045971
73348059838
73348660560
73348668494
73348662803
73348697853
73348614183
73348621196
73348659079
73348706282
73348765194
73348775089
73348716731
73348739347
73348741062
73348802498
73348867128
73348864485
73348888242
73348885262
73348816775
73348821434
73348835781
73348858212
73348913017
73348913524
73348922237
73348932215
73348949150
73348959736
73348959482
73348180029
73348195167
73348140304
73348143159
73348288062
73348296424
73348220584
73348245965
73348259775
73348253653
73348254995
73348380868
73348390175
73348399034
73348317099
73348406624
73348465149
73348498651
73348412854
73348422559
73348441725
73348561327
73348575642
73348596572
73348594788
73348517502
73348529184
73348531652
73348557183
73349002304
73349065128
73349079844
73349071908
73349085711
73349038974
73349678454
73349673768
73349635464
73349650827
73349654302
73349762016
73349742235
73349752826
73349803633
73349805152
73349860871
73349867139
73349884142
73349901870
73349990629
73349934748
73349941990
73349954991
73349101321
73349104606
73349188322
73349155333
73349280474
73349245288
73349256043
73349252412
73349360752
73349353973
73349470159
73349485000
73349498203
73349414294
73349434733
73349445191
73349568504
73349586692
73341087838
73341017320
73341026418
73341037466
73341057868
73341686264
73341613807
73341625960
73341630462
73341647785
73341652252
73341700241
73341705259
73341778087
73341710478
73341713228
73341714127
73341744165
73341752777
73341755993
73341863304
73341863320
73341864119
73341897726
73341898294
73341903541
73341986948
73341997538
73341999303
73341911272
73341921583
73341930474
73341931391
73341944166
73341957399
73341953180
73341109798
73341109441
73341104542
73341161062
73341196926
73341121028
73341123652
73341131695
73341131210
73341201445
73341270327
73341281080
73341281534
73341297260
73341215899
73341229360
73341222907
73341223421
73341231705
73341308686
73341362510
73341317339
73341311817
73341311241
73341326449
73341337985
73341473763
73341419898
73341428277
73341430159
73341506803
73341509024
73341504425
73341568681
73341568651
73341568805
73341577697
73341572924
73341573770
73341597314
73341517262
73341536718
73342099601
73342017331
73342029084
73342053177
73342685786
73342692501
73342625905
73342643641
73342773691
73342775633
73342784570
73342727543
73342733194
73342734743
73342748970
73342741689
73342864379
73342894771
73342836845
73342909347
73342974870
73342952117
73342954390
73342193029
73342127703
73342123633
73342125455
73342133877
73342279897
73342291835
73342249275
73342252089
73342386074
73342388994
73342385414
73342319154
73342332786
73342334451
73342356556
73342406732
73342406173
73342460075
73342487963
73342429687
73342564241
73342524227
73342546027
73342546955
73342541952
73342550998
73342557495
73343078818
73343014961
73343020373
73343028727
73343028881
73343023919
73343033285
73343665847
73343680995
73343689152
73343647460
73343653799
73343763635
73343777854
73343783877
73343794677
73343735079
73343803290
73343820302
73343825118
73343835250
73343847929
73343847130
73343853545
73343964143
73343995593
73343176842
73343177667
73343177522
73343179795
73343186465
73343195874
73343118597
73343114492
73343132812
73343296165
73343291884
73343258169
73343306444
73343367859
73343398692
73343328844
73343477182
73343411583
73343438046
73343440398
73343571811
73343581770
73343593296
73343548129
73343555092
73343555714
73344082444
73344603659
73344612666
73344625660
73344644564
73344799208
73344791535
73344716409
73344726285
73344724318
73344739487
73344754165
73344811189
73344965923
73344989365
73344994534
73344924204
73344939650
73344935154
73344942707
73344945297
73344108866
73344198422
73344127696
73344122785
73344133213
73344159565
73344274359
73344364972
73344325420
73344353298
73344355897
73344355425
73344475676
73344484819

73344431998
73344450175
73345002565
73345060570
73345086383

73345037159
73345051428
73345666686
73345681310
73345699038
73345610496
73345616125
73345617462
73345619882
73345627709
73345642749
73345659170
73345782207
73345745252
73345812329
73345856063
73345907221
73345960536
73345993071
73345914373
73345920560
73345930096
73345947260
73345942137
73345109551
73345149451
73345141182
73345157461
73345376695
73345383613
73345322000
73345334005
73345358985
73345408181
73345408136
73345477808
73345498750
73345427005
73345441789
73345591093
73345591239
73345517072
73345550409
73356697062
73356887699
73356976906
73359603759
73355292394
73460060775
73460077353
73460089234
73460085332
73460092287
73460010885
73460035408
73460041676
73460058994
73460686067
73460612922
73460798297
73460792975
73460860576
73460866395
73460865613
73460975896
73460998799
73460998223
73460926585
73460954314
73460175090
73460186927
73460198618
73460122597
73460134524
73460201595
73460269975
73460263041
73460270111
73460286843
73460296974
73460294479
73460216278
73460219738
73460211148
73460224163
73460237836
73460477319
73460492117
73460437929
73460439194
73460442950
73460452563
73460575798
73460585814
73460532532
73460534493
73460552703
73469010614
73469448185
73463710705
73477537777
73479773779
73487099421
73487625412
73487761180
73487764488
73487861633
73487893976
73487852560
73487966072
73487984213
73487919602
73487937798
73487945202
73487170749
73487194809
73487141429
73487235709
73487390279
73487425230
73487436308
73487534326
73488067551
73488063254
73488077430
73488081404
73488099870
73488093399
73488687076
73488691822
73488621588
73488648130
73488768918
73488730457
73488809293
73488862991
73488820740
73488998802
73488999189
73488927841
73488108299
73488194407
73488120859
73488127680
73488145396
73488244250
73488300743
73488303973
73488369694
73488363972
73488394010
73488481057
73488485014
73488422130
73488504222
73488593355
73488532981
73488544823
73488554066
73489018495
73489049167
73489671534
73489675786
73489628660
73489638616
73489648536
73489642593
73489642541
73489645126
73489708267
73489790439
73489798185
73489795086
73489711992
73489721718
73489756349
73489803917
73489878666
73489871548
73489888248
73489885231
73489896144
73489819244
73489826738
73489932140
73489947900
73489942332
73489175528
73489226962
73489232606
73489306221
73489362550
73489333095
73489340768
73489351444
73489476691
73489481977
73489589011
73489521105
73489525998
73489530280
73489554882
73481006834
73481098462
73481095642
73481017318
73481024044
73481608855
73481601164
73481676119
73481679554
73481681517
73481693307
73481625997
73481645827
73481708111
73481765295
73481789717
73481791491
73481745817

73481805482
73481862895
73481877616
73481894290
73481822022
73481972695
73481993416
73481912606
73481915751
73481938162
73481956913
73481957028
73481951275
73481183139
73481147501
73481151202
73481293633
73481223365
73481257539
73481386867
73481319147
73481325022
73481483566
73481438365
73481447549
73481454517
73481500760
73481506236
73481572789
73481592996
73481527748
73481524785
73481543540
73482623059
73482640900
73482766582
73482768284
73482794350
73482897467
73482812690
73482834698
73482996338
73482997283
73482918208
73482928554
73482932101
73482956952
73482956162
73482956196
73482956133
73482956156
73482956266
73482177645
73482146352
73482229949
73482223014
73482225382
73482249318
73482256591
73482309669
73482397034
73482482891
73482494335
73482420810
73482429468
73482441228
73482577387
73482589388
73482512010
73482532642
73482551186
73482552843
73483071570
73483072600
73483601980
73483660890
73483673860
73483682330
73483640415
73483657078
73483708012
73483767777
73483713104
73483725241
73483738791
73483732348
73483748642
73483749526
73483759305
73483809281
73483871888
73483813586
73483830510
73483847599
73483976741
73483972037
73483929182
73483948270
73483950981
73483166749
73483166382
73483171830
73483199999
73483121231
73483149328
73483153774
73483268563
73483294902
73483257718
73483377303
73483375315
73483419527
73483449792
73483524832
73483545199
73484973479
73484919074
73484926513
73484928152
73484129717
73484147165
73484150937
73484262309
73484218227
73484234697
73484246231
73484306099
73484306389
73484367788
73484378779
73484389147
73484316981
73484319932
73484407441
73484402897
73484403913
73484477945
73484479199
73484490751
73484499698
73484415857
73484438582
73484439561
73484566652
73484521230
73484521304
73484546019
73484550382
73484555041
73485771719
73485773632
73485789275
73485733121
73485741531
73485903135
73485972407
73485926040
73485934361
73485174174
73485118881
73485126042
73485138516
73485207092
73485204129
73485275215
73485225731
73485237199
73485242834
73485366548
73485370919
73485380720
73485395858
73485324148
73485331130
73485340934
73485481069
73485436448
73485437714
73485504055
73485562638
73485573726
73485598590
73485592174
73485516994
73485511792
73485526574
73485521192
73485549045
73490757424
73494801767
73495346639
